1 * 1
1	22	3	18	25	30	13	16	
4	19	24	29	14	17	34	31	
23	2	21	26	35	32	15	12	
20	5	56	49	28	41	36	33	
57	50	27	42	61	54	11	40	
6	43	60	55	48	39	64	37	
51	58	45	8	53	62	47	10	
44	7	52	59	46	9	38	63	

1 * 2
4	1	6	19	36	41	16	39	
7	20	3	44	17	38	35	42	
2	5	18	37	58	43	40	15	
21	8	49	60	45	54	57	34	
48	25	46	55	64	59	14	53	
9	22	63	50	61	56	33	30	
26	47	24	11	28	31	52	13	
23	10	27	62	51	12	29	32	

1 * 3
23	20	1	16	33	30	11	14	
2	17	22	29	12	15	48	31	
21	24	19	34	47	32	13	10	
18	3	46	51	28	57	36	49	
25	52	27	58	35	50	9	40	
4	45	54	63	56	39	60	37	
53	26	43	6	59	62	41	8	
44	5	64	55	42	7	38	61	

1 * 4
40	37	16	1	52	23	14	21	
17	2	39	42	15	20	51	24	
38	41	36	19	48	53	22	13	
3	18	47	56	43	50	25	54	
46	35	44	49	62	55	12	29	
7	4	63	32	57	28	61	26	
34	45	6	9	64	59	30	11	
5	8	33	58	31	10	27	60	

2 * 2
19	16	51	2	21	6	45	4	
50	1	20	17	52	3	22	7	
15	18	49	56	23	44	5	46	
60	57	24	53	48	55	8	31	
25	14	59	62	43	32	47	36	
58	61	42	33	54	37	30	9	
13	26	63	40	11	28	35	38	
64	41	12	27	34	39	10	29	

2 * 3
2	21	4	35	52	19	14	33	
5	36	1	20	15	34	53	18	
22	3	38	51	62	17	32	13	
37	6	61	16	39	50	59	54	
44	23	40	49	60	63	12	31	
7	26	45	64	41	48	55	58	
24	43	28	9	46	57	30	11	
27	8	25	42	29	10	47	56	

2 * 4
5	2	7	20	37	40	17	46	
8	21	4	1	18	45	36	39	
3	6	19	44	41	38	47	16	
22	9	52	55	60	43	50	35	
53	26	61	42	51	56	15	48	
10	23	54	59	64	49	34	31	
27	62	25	12	29	32	57	14	
24	11	28	63	58	13	30	33	

3 * 3
15	2	27	36	17	12	21	24	
28	37	16	13	26	23	18	11	
3	14	1	44	35	20	25	22	
38	29	54	33	46	43	10	19	
55	4	45	42	61	34	47	50	
30	39	32	53	58	49	64	9	
5	56	41	60	7	62	51	48	
40	31	6	57	52	59	8	63	

3 * 4
32	15	30	41	2	17	20	39	
29	42	33	16	35	40	3	18	
14	31	44	1	60	19	38	21	
43	28	59	34	45	36	57	4	
48	13	46	61	58	53	22	37	
27	62	49	54	51	56	5	8	
12	47	64	25	10	7	52	23	
63	26	11	50	55	24	9	6	

4 * 4
21	18	33	28	23	8	3	6	
32	29	22	19	2	5	26	9	
17	20	31	34	27	24	7	4	
30	35	40	1	52	45	10	25	
39	16	53	44	61	48	57	46	
36	41	38	49	56	51	64	11	
15	54	43	60	13	62	47	58	
42	37	14	55	50	59	12	63	

